[versions]
zc.recipe.egg = 2.0.3
Flask = 0.10.1

# Added by buildout at 2018-12-03 17:10:46.919566
plone.recipe.command = 1.1

# Added by buildout at 2018-12-03 17:19:54.406208
app = 0.0.1

# Added by buildout at 2018-12-03 17:25:35.544354
Jinja2 = 2.10
MarkupSafe = 1.1.0
Werkzeug = 0.14.1
itsdangerous = 1.1.0
